Ordered Results (Decr. SSIM) for main.py
--------------------------------------------------------------------------------
SSIM: 0.427192 | Omega: 0.99 | Scales: (2.0, 8.0, 9.0, 10.0) | Freqs: (0.5, 1.0, 2.5, 3.5, 4.0)
SSIM: 0.427171 | Omega: 0.99 | Scales: (2.0, 8.0, 9.0, 10.0) | Freqs: (0.5, 1.0, 2.0, 2.5, 3.5)
SSIM: 0.427163 | Omega: 0.99 | Scales: (2.0, 8.0, 9.0, 10.0) | Freqs: (0.5, 1.0, 2.5, 3.0, 3.5)
SSIM: 0.427157 | Omega: 0.99 | Scales: (2.0, 8.0, 9.0, 10.0) | Freqs: (0.5, 2.0, 3.0, 3.5, 4.0)
SSIM: 0.427148 | Omega: 0.99 | Scales: (2.0, 8.0, 9.0, 10.0) | Freqs: (0.5, 1.0, 2.0, 2.5, 4.0)
SSIM: 0.427134 | Omega: 0.99 | Scales: (2.0, 8.0, 9.0, 10.0) | Freqs: (0.5, 1.0, 2.0, 3.5, 4.0)
SSIM: 0.427121 | Omega: 0.99 | Scales: (2.0, 8.0, 9.0, 10.0) | Freqs: (0.5, 2.0, 2.5, 3.0, 4.0)
SSIM: 0.427117 | Omega: 0.99 | Scales: (2.0, 8.0, 9.0, 10.0) | Freqs: (0.5, 1.0, 2.0, 3.0, 3.5)
SSIM: 0.427111 | Omega: 0.99 | Scales: (2.0, 8.0, 9.0, 10.0) | Freqs: (0.5, 1.0, 3.0, 3.5, 4.0)
SSIM: 0.427103 | Omega: 0.99 | Scales: (2.0, 8.0, 9.0, 10.0) | Freqs: (0.5, 1.0, 2.5, 3.0, 4.0)
SSIM: 0.427102 | Omega: 0.99 | Scales: (2.0, 8.0, 9.0, 10.0) | Freqs: (0.5, 1.0, 2.0, 2.5, 3.0)
SSIM: 0.427073 | Omega: 0.99 | Scales: (2.0, 8.0, 9.0, 10.0) | Freqs: (0.5, 1.0, 2.0, 3.0, 4.0)
SSIM: 0.427012 | Omega: 0.99 | Scales: (2.0, 8.0, 9.0, 10.0) | Freqs: (0.5, 2.0, 2.5, 3.0, 3.5)
SSIM: 0.427003 | Omega: 0.99 | Scales: (2.0, 8.0, 9.0, 10.0) | Freqs: (0.5, 2.0, 2.5, 3.5, 4.0)
SSIM: 0.426887 | Omega: 0.99 | Scales: (2.0, 8.0, 9.0, 10.0) | Freqs: (1.0, 2.0, 2.5, 3.5, 4.0)
SSIM: 0.426855 | Omega: 0.99 | Scales: (2.0, 8.0, 9.0, 10.0) | Freqs: (1.0, 2.0, 2.5, 3.0, 3.5)
SSIM: 0.426850 | Omega: 0.99 | Scales: (2.0, 8.0, 9.0, 10.0) | Freqs: (1.0, 2.5, 3.0, 3.5, 4.0)
SSIM: 0.426848 | Omega: 0.99 | Scales: (2.0, 8.0, 9.0, 10.0) | Freqs: (2.0, 2.5, 3.0, 3.5, 4.0)
SSIM: 0.426831 | Omega: 0.99 | Scales: (2.0, 8.0, 9.0, 10.0) | Freqs: (0.5, 1.0, 1.5, 2.0, 4.0)
SSIM: 0.426828 | Omega: 0.99 | Scales: (2.0, 8.0, 9.0, 10.0) | Freqs: (1.0, 2.0, 3.0, 3.5, 4.0)
SSIM: 0.426825 | Omega: 0.99 | Scales: (2.0, 8.0, 9.0, 10.0) | Freqs: (0.5, 1.0, 1.5, 2.0, 3.0)
SSIM: 0.426823 | Omega: 0.99 | Scales: (2.0, 8.0, 9.0, 10.0) | Freqs: (1.0, 2.0, 2.5, 3.0, 4.0)
SSIM: 0.426764 | Omega: 0.99 | Scales: (2.0, 8.0, 9.0, 10.0) | Freqs: (0.5, 1.0, 1.5, 2.0, 3.5)
SSIM: 0.426759 | Omega: 0.99 | Scales: (2.0, 8.0, 9.0, 10.0) | Freqs: (0.5, 1.0, 1.5, 2.0, 2.5)
SSIM: 0.426710 | Omega: 0.99 | Scales: (2.0, 8.0, 9.0, 10.0) | Freqs: (0.5, 1.0, 1.5, 3.0, 4.0)
SSIM: 0.426656 | Omega: 0.99 | Scales: (2.0, 8.0, 9.0, 10.0) | Freqs: (1.0, 1.5, 2.0, 2.5, 4.0)
SSIM: 0.426650 | Omega: 0.99 | Scales: (2.0, 8.0, 9.0, 10.0) | Freqs: (1.0, 1.5, 2.0, 3.5, 4.0)
SSIM: 0.426643 | Omega: 0.99 | Scales: (2.0, 8.0, 9.0, 10.0) | Freqs: (1.0, 1.5, 2.0, 3.0, 3.5)
SSIM: 0.426635 | Omega: 0.99 | Scales: (2.0, 8.0, 9.0, 10.0) | Freqs: (1.0, 1.5, 2.0, 2.5, 3.0)
SSIM: 0.426617 | Omega: 0.99 | Scales: (2.0, 8.0, 9.0, 10.0) | Freqs: (1.0, 1.5, 2.0, 2.5, 3.5)
SSIM: 0.426609 | Omega: 0.99 | Scales: (2.0, 8.0, 9.0, 10.0) | Freqs: (0.5, 1.0, 1.5, 3.0, 3.5)
SSIM: 0.426608 | Omega: 0.99 | Scales: (2.0, 8.0, 9.0, 10.0) | Freqs: (0.5, 1.0, 1.5, 2.5, 3.0)
SSIM: 0.426607 | Omega: 0.99 | Scales: (2.0, 8.0, 9.0, 10.0) | Freqs: (1.0, 1.5, 2.0, 3.0, 4.0)
SSIM: 0.426606 | Omega: 0.99 | Scales: (2.0, 8.0, 9.0, 10.0) | Freqs: (0.5, 1.0, 1.5, 3.5, 4.0)
SSIM: 0.426567 | Omega: 0.99 | Scales: (2.0, 8.0, 9.0, 10.0) | Freqs: (0.5, 1.0, 1.5, 2.5, 4.0)
SSIM: 0.426531 | Omega: 0.99 | Scales: (2.0, 8.0, 9.0, 10.0) | Freqs: (1.0, 1.5, 2.5, 3.0, 4.0)
SSIM: 0.426498 | Omega: 0.99 | Scales: (2.0, 8.0, 9.0, 10.0) | Freqs: (1.0, 1.5, 3.0, 3.5, 4.0)
SSIM: 0.426418 | Omega: 0.99 | Scales: (2.0, 8.0, 9.0, 10.0) | Freqs: (1.0, 1.5, 2.5, 3.5, 4.0)
SSIM: 0.426405 | Omega: 0.99 | Scales: (2.0, 8.0, 9.0, 10.0) | Freqs: (1.0, 1.5, 2.5, 3.0, 3.5)
SSIM: 0.426288 | Omega: 0.99 | Scales: (2.0, 8.0, 9.0, 10.0) | Freqs: (0.5, 1.0, 1.5, 2.5, 3.5)
SSIM: 0.426015 | Omega: 0.99 | Scales: (2.0, 8.0, 9.0, 10.0) | Freqs: (0.5, 2.5, 3.0, 3.5, 4.0)
SSIM: 0.425981 | Omega: 0.99 | Scales: (2.0, 8.0, 9.0, 10.0) | Freqs: (0.5, 1.5, 2.0, 3.0, 4.0)
SSIM: 0.425875 | Omega: 0.99 | Scales: (2.0, 8.0, 9.0, 10.0) | Freqs: (1.5, 2.0, 2.5, 3.0, 4.0)
SSIM: 0.425869 | Omega: 0.99 | Scales: (2.0, 8.0, 9.0, 10.0) | Freqs: (1.5, 2.0, 3.0, 3.5, 4.0)
SSIM: 0.425360 | Omega: 0.99 | Scales: (2.0, 8.0, 9.0, 10.0) | Freqs: (1.5, 2.0, 2.5, 3.0, 3.5)
SSIM: 0.425326 | Omega: 0.99 | Scales: (2.0, 8.0, 9.0, 10.0) | Freqs: (0.5, 1.5, 2.0, 3.0, 3.5)
SSIM: 0.425231 | Omega: 0.99 | Scales: (2.0, 8.0, 9.0, 10.0) | Freqs: (0.5, 1.5, 2.0, 2.5, 3.0)
SSIM: 0.425097 | Omega: 0.99 | Scales: (2.0, 8.0, 9.0, 10.0) | Freqs: (1.5, 2.0, 2.5, 3.5, 4.0)
SSIM: 0.424864 | Omega: 0.99 | Scales: (2.0, 8.0, 9.0, 10.0) | Freqs: (0.5, 1.5, 2.0, 3.5, 4.0)
SSIM: 0.424758 | Omega: 0.99 | Scales: (2.0, 8.0, 9.0, 10.0) | Freqs: (0.5, 1.5, 2.0, 2.5, 4.0)
SSIM: 0.422826 | Omega: 0.99 | Scales: (2.0, 8.0, 9.0, 10.0) | Freqs: (1.5, 2.5, 3.0, 3.5, 4.0)
SSIM: 0.422268 | Omega: 0.99 | Scales: (2.0, 8.0, 9.0, 10.0) | Freqs: (0.5, 1.5, 2.0, 2.5, 3.5)
SSIM: 0.421951 | Omega: 0.99 | Scales: (2.0, 8.0, 9.0, 10.0) | Freqs: (0.5, 1.5, 3.0, 3.5, 4.0)
SSIM: 0.421810 | Omega: 0.99 | Scales: (2.0, 8.0, 9.0, 10.0) | Freqs: (0.5, 1.5, 2.5, 3.0, 4.0)
SSIM: 0.413053 | Omega: 0.99 | Scales: (2.0, 8.0, 9.0, 10.0) | Freqs: (0.5, 1.5, 2.5, 3.0, 3.5)
SSIM: 0.401097 | Omega: 0.99 | Scales: (2.0, 8.0, 9.0, 10.0) | Freqs: (0.5, 1.5, 2.5, 3.5, 4.0)
